-0.04191574245852313	0.07478719018424484	0.05253848736635323
0.006217970966435177	-0.03652206874450179	0.05690241661795531
0.0863827265947095	0.07436437744413438	-0.00192185888119447
0.09151552450205433	0.0829491088478297	0.0997248563507531
-0.04654685074229531	0.08050483207014823	0.100953901112374
0.013981634892150797	0.0020289900066050373	0.0424517220190949
0.07768556696140791	0.06822973733412369	0.043494454317576
-0.08490309963509048	0.01481623542702567	-0.0374342293765575
0.07142336506389671	0.08886310580360701	0.0289191423878278
0.06025805540225064	0.04091398297980135	0.028937863202123
-0.03353624859686872	0.04508368078144956	0.0253490270809667
-0.016047709770746266	-0.06817109698917925	0.05414802426075901
0.11788872769953684	-0.016521350076464915	0.0487983333870346
0.08833138439577867	-0.062238779160050633	0.0926885619543847
0.04794430920463231	-0.06907949287635748	-0.0364339008439336
0.14644689619174514	0.08967800394708997	-0.0190341714281788
-0.055427689111386125	0.07834330892686309	0.0952952041735082
-0.07954461141225891	0.11088342383873488	-0.00898946382506252
0.07660158238803555	0.06859758971576072	0.0325192179938051
-0.0009559105894016012	0.11013447268180823	0.084102449908583
0.09771623356941125	0.09171229145970902	-0.01052609038306082
-0.04639747110026763	0.10111237879998547	-0.01462742323749613
-0.049953808880630286	0.06317944478033069	0.088469218727599
-0.08133110318088418	-0.052314176680340455	0.0929101624765168
-0.07959624175495783	0.07780333082993564	-0.033141679563839
-0.04927755887524381	0.04487671329337313	-0.00683442824627682
-0.042437648060134704	-0.018906504580382934	-0.04229146005364467
-0.0001314805661474074	0.06381336045190077	0.0910848758618574
0.08325786085694734	0.03125894455266113	-0.0374790737424835
0.01611759161338369	0.050815460380415255	0.137930251507076
0.029962729726174024	-0.015484422772291293	-0.01328225161846776
0.009822328902219915	0.05103702557730498	-0.01320453733490521
0.04989981065262955	0.09159938572379472	0.0447348066209926
0.03345513018949958	-0.02700900529915879	-0.04456890279680434
0.09312090342427277	0.08668300326537967	-0.067784374706506
0.05439491916470917	0.10712255386672717	0.0467181461141245
0.05421614315893536	-0.03959368898181555	0.05597816307610245
-0.057438822026201604	0.08859868639168803	0.0519816745088297
-0.022539557645549962	-0.018371976928346443	-0.03893164209590118
0.06496060229265135	0.002720644914926018	0.0665975378097109
-0.046027110715240745	-0.01738489060202271	-0.0418490135259889
-0.06617337586037214	-0.055413374098558024	-0.01445005614770926
-0.013631842249747977	0.038182570663657794	0.1050518782967745
-0.07676094963272032	0.09690036413006758	-0.0552536775102942
0.028886656815376395	0.06879230185529604	0.0861676197727665
-0.04250003324386811	-0.050877324337439314	0.04204698446226355
-0.06453788565060728	-0.034179006358392	0.05960367679453177
-0.01517273297988228	-0.0733150922280645	0.06023843805810768
-0.03049415300571831	0.01841606290493476	0.0629264540834777
0.021145848073646573	0.0831724303659083	0.02637549348117368
-0.01643125021765704	0.024969687364588152	0.0322634401264228
-0.001998905233258033	0.03472224426320661	0.0083208036726754
0.0003214894127448499	0.03917367571314248	0.0709937972115293
0.0902242200768063	0.020403291616793308	-0.061245449939976
-0.04558924669007618	0.07315873513503583	-0.0662205357326474
0.09466499007642298	-0.045485643356224785	0.02912655247252853
0.007569265055335995	0.08389329153230493	0.0166870076748619
0.12312055144223533	0.06347949276624196	-0.00492362658865157
-0.039511608056536224	0.10530716270052343	0.0727997448401383
-0.0025696346148954483	-0.047741621776956546	0.02734528915340449
0.08347646041949816	0.037505864009302795	0.0224879398889199
-0.06922105421147377	-0.054716320112797576	-0.092400776738048
-0.07005887307264112	-0.013101405071996058	0.1018815427848083
0.03437712200981248	0.00999723367988372	-0.0610066490256961
-0.01479300114865189	0.08070954498068172	0.0712012297682839
0.10274684769266032	-0.06621351533116306	0.01791276002652792
0.00845679207289337	0.06568385341973958	0.1309955100969611
0.08243015793201962	-0.0786344100093649	0.002853733738491598
0.10306834980022722	0.06511923180749322	-0.0537583980359941
-0.021971137237243407	0.08940056876970848	0.0863399930423122
0.13800558443336935	-0.06701220816480813	-0.01342897147232114
0.00871241528166133	0.03906723685914383	-0.0366817487275262
-0.0656607039272128	-0.07655850298237184	0.104849332506751
0.06706374199339214	-0.037534458849088036	0.0976493612045709
-0.05550234067003947	-0.02012857029803028	-0.0178029433437833
0.07883396478244697	-0.051601171163552756	-0.0200386916021592
0.091536272332912	0.003588989918581059	-0.01291296165844435
-0.08019637561061	-0.05834306912785932	0.0965253988958314
0.053774935097166576	0.03402513257649428	-0.0677894937727007
0.07256800371287374	-0.024759592911844756	0.0491079191692086
0.10990028999406816	0.05930588468879691	0.04797708626159348
0.03582435633082425	-0.04075706230728522	-0.028329852140094
-0.01543184882012116	-0.060167947777449625	0.1191411439094116
0.0030826929124996606	-0.06093632295666964	0.076786808678463
0.08940326691970285	0.020440071568245302	-0.0675794015558718
0.12410292500239607	-0.05625383281536741	-0.01425765286947719
0.0385890898834465	0.11598917501649006	-0.0701752986320173
0.08155508577607934	-0.05919566788403617	0.0541680603826641
0.08596151726433794	-0.07688747203772023	-0.002142611597818193
-0.07220293143063901	-0.039715550484044675	0.01226019346007947
-0.043183469138291485	-0.034753045056771556	-0.03997707969439375
-0.02169907946291657	0.11295416056225269	0.0187106073193757
-0.07384737505902234	-0.012864419698966796	0.031934463569377
0.05542899375367118	0.07943473165083319	0.0331688900177995
-0.010544803888742831	-0.053984396862614324	0.02362093272927333
0.006342014178631755	-0.04460751200141882	0.0796308455787669
0.11321644255010122	0.08215507316610679	-0.0724537465056097
0.07595031438720248	0.04748298244368908	0.0627344285652273
0.04503057935785259	-0.04419746586195571	0.1144832813187003
-0.02229648166830693	0.13437549418612432	0.0856299835614457
0.08537184240056091	-0.05268880096907692	-0.01158336145492821
0.10347396282039473	0.008632316653747009	0.0691211270923041
0.12075822094845207	-0.08188450814298014	0.0763575492784261
0.09479327644201821	0.09779099544610123	-0.0449802934421741
-0.04773480795199607	0.026954157109937815	-0.03022808830610329
-0.0262463478278974	0.0770145053978046	0.090499334393126
-0.00951788140719969	0.04630569702735135	0.0839030282645736
0.01702731671023262	-0.02974045301594309	-0.0842281866690459
-0.02594891778572847	0.058558322002484495	0.05933354051713
0.13137215171707034	0.10605670971277317	-0.02918647163710873
0.08044487607251712	0.04175558922338734	0.069312114837911
0.10388948227918249	-0.06806539318087132	-0.0553959589334574
0.03618511417683886	0.07793845447623352	0.1220330223208844
0.008669986955695524	0.057272651162410704	0.03109815066245973
0.05947042197743717	0.0735866286905619	0.0707518276909286
-0.05652521215215457	0.06032463897634318	-0.0626735421424301
0.11412207566204864	-0.023252021647343475	-0.0612062642477213
0.11635236630811241	0.07312571543958776	0.0303484813490844
0.03614243664527906	-0.02647441870369035	0.01241347273658448
0.09613690733027544	-0.07726381072771785	-0.02292239328894038
0.09101281982217505	-0.061375122819240506	0.1201115856219773
0.03744305833831392	-0.045277647000021876	-0.046494807552636
0.03124536557513478	0.03598766373482921	-0.077508337615221
0.11125270792393675	-0.05171343835878321	0.0745947468843176
0.10331611715018979	0.0648252684756746	0.0211447906933705
-0.07626893177576406	-0.0606078863360177	-0.0452974689106478
0.03894921438184231	0.07773799375393481	0.0897211647116278
-0.048726719679654966	0.005532442234974899	-0.00781588305218893
-0.054471146268573876	0.054562732081578816	-0.01421464452667774
-0.0019135655585025974	0.08281034232007128	0.01001002013401657
0.10669737981196739	0.02313322440052698	-0.0563071308099643
0.03103903748313202	0.12927532155290003	0.0265506153837601
0.05531193411748104	-0.059640101595700046	0.0740344521962181
0.12624381527408032	-0.017464947057728733	0.0753012992117706
0.039284364165169235	-0.03936961361614148	0.114404760379386
-0.062107210768437504	0.0010990136544083984	0.056061938600113
0.05021922379279775	-0.026985919225871506	-0.0411568802932211
-0.07492854146862782	0.04582058192660396	-0.04156108848600338
0.129646682563693	-0.01490071424437859	0.0510997680759114
0.036212792699850074	-0.03926623871271549	0.0527803345942508
0.09500524769090485	-0.0067303626796061	-0.074755634597023
0.11383083359506213	0.08780287220978472	0.083913867193408
-0.048103829842058236	-0.00785992241771338	-0.0657146588410591
0.10152147426539448	-0.0067578303305972365	0.0764830472859341
0.03436833640402791	0.11765050938365028	0.026167256605226
-0.07696054655701437	0.07107165918719405	0.001234846123083874
0.08548968583218415	0.08690461500021121	0.1262108244208703
0.01878974732888509	0.03384699391692905	-0.0433417385619613
0.08374226987193806	0.11328811661386293	-0.01972402719257991
0.09132257292740233	-0.06822346314450316	-0.0511090644252318
-0.011074066643868532	0.0831879338673625	0.07232150909686
-0.01883304701256966	-0.021869583204221048	0.0440424236098186
0.07163919682769643	0.10808508714147821	0.045512863768278
0.1284813969643488	-0.016830331432665387	-0.01226739523120366
-0.038558825429094626	-0.07260845861481446	-0.003185843124012169
0.02808890849460991	-0.05844373612559164	-0.00667753096940081
-0.034056629431432624	0.11542311932393987	0.103763797543866
-0.0353930120787354	0.03641942103951483	0.03605572846451539
-0.02783108902180315	-0.08363135172188864	0.0329871301404032
0.013570143954701155	0.1024108106220196	0.02533957697667259
0.13147579229084824	-0.06892081303263833	-0.0464353839470563
0.03631676605532551	-0.05264014361642067	0.1137036108241945
0.0687898531575622	-0.036949762129068905	0.0725798971862102
-0.0628345612477105	0.062149924452078724	-0.01703830148588717
0.0878035036304725	0.1019550607719427	0.083191528103113
0.019587191628931976	-0.052224867328648124	0.085685706704819
-0.05038018246666651	0.021803108636168883	-0.00411773908606624
0.014842832577164771	0.018540443524200242	-0.0495827442631925
-0.04294878152566236	-0.056765756793070624	-0.00162449351026106
-0.05545097043059867	0.012825402057156925	0.0728766789980066
0.026896529445382743	0.03057391135556625	0.0753976252832267
0.1008952454256726	0.11372152450972554	-0.0238683209555295
0.09888504674505999	-0.0792468405768723	-0.0178891442181774
0.07671371767466412	0.05432125065735198	0.1217753226473571
-0.0170291552289122	-0.07337094931390914	0.0720576772197707
0.005430770739617771	-0.01072470311779064	-0.00987579055277528
0.023565478879963256	0.11780300310764212	0.01762429171082109
0.025932107802636842	-0.029154925814259387	0.02198515675424948
0.0051961050834761525	-0.0535842051223075	-0.05007328904808533
0.12861000497537445	-0.018367199187723993	-0.0554016232134461
0.06461786012869493	-0.05541348334493009	0.0443810965186061
0.13475597184261515	0.07851097357603423	0.0437572268691262
0.05861395197428408	0.04164027096824397	0.052162328208926
-0.0629269648285889	-0.0761059696501943	0.0389079140561245
0.04993796108747428	-0.012932675694975143	0.07063216227351
-0.05602744137333083	0.05298675641787888	-0.0632293871930448
0.02024064967984769	-0.05340035729255573	0.00589034314803693
0.11986328280675099	0.07469697213971037	0.00769192468374586
-0.051462759676025246	0.06392977994591076	0.0705416498366192
0.06268883713873041	-0.0318149337999496	0.0761072586693304
0.025816577220849308	0.02842227726266283	-0.0106645822354666
-0.08979484512520014	-0.03095977129272235	0.0392554285507518
0.019891885176318912	-0.08513711803016301	0.122914793286973
-0.06259332694402768	0.11767486919177028	0.04224047436122891
0.12168236527071823	-0.0913980531907737	0.0374125826116308
0.09548802108651241	-0.02164658466376364	0.0422239217870835
-0.014048641780367906	0.11459437808111483	-0.01187551662882906
-0.01623232340147976	0.025602020963411402	0.0880158606752037
0.08937380142792176	0.011655710284195661	0.0953947731272455
-0.013758518632927891	-0.038195396971240476	0.115028963099566
-0.030938433379496796	-0.08593957000748692	0.0621745581425399
0.12584088515216454	0.04872390218996517	0.052206024338326
-0.034286730539351676	-0.06766624722521045	0.00718449553373357
-0.02862543353568655	0.05486758367126155	-0.0643588179244423
-0.05636639182589236	-0.0417919527397138	0.0938455735568996
0.039188309638393155	0.03720672475786554	-0.02877599000818189
0.11205784296025564	0.06931267527054438	0.0459129226695927
-0.03969804196791675	0.03593743849101211	0.02195694102790597
-0.04407757237888022	0.0024126487105079197	-0.03197080419170262
0.015193379418513613	0.06925002679295536	-0.0324482809557409
-0.006006842002848581	0.00865982121583519	0.03863709584211496
0.13747591908941076	0.07014872005291706	0.1146685383662735
0.03229203822053018	0.003919137372448651	-0.01121620555120921
-0.08532056139853492	-0.08590547147567129	-0.03139619927160703
0.10067078714511518	0.10319802288867705	-0.0298841326547496
0.04089205179290313	0.04416159979888073	0.004034851479878278
0.09894785290067623	0.0039196309718279795	-0.0097918742403318
-0.013111368808234311	-0.014511041470152364	0.03554893969168071
0.07083036632470824	-0.059277799621584644	-0.0833011551550871
0.07747493120986307	0.07023555828477887	0.05680763341023853
-0.05050073769059608	-0.08989190613837857	0.07991980754991
0.019010298803627257	-0.008323275733819559	-0.049879408307031
0.017265049818621373	0.03868817938356475	-0.04441205141700127
0.07990749627718435	0.00686949832055038	0.080522673130964
-0.0746753824771928	0.07887811742725068	0.0905075756576272
0.07067340363454122	0.02166794695902122	0.0068033250401073
0.06057105383293653	-0.033997296195620204	0.03659952564458733
-0.011612565979790317	-0.06094845754678342	0.03343692556881204
-0.039118140435508174	0.026629668790143547	0.03294930077573187
0.11370056209359354	0.07363547308043258	-0.0519661496732353
-0.012957385494029541	-0.07802954127266583	-0.0370083556153347
0.023236130789637585	0.01630153797517007	0.04924734318001821
0.11648202850451658	-0.02502380103385967	-0.01212579677350351
0.07649623977346648	0.01862763267566896	0.073765777570346
0.03400785834361848	-0.06931091882994317	0.06132092438504145
0.04193866584302463	0.08192858906635196	0.001456923193068497
-0.035254914346624866	-0.01808440198167557	0.0239465008606578
0.04399055330056876	-0.045575101626215114	0.02365035107731654
0.12535785018127663	-0.06405015254345961	0.0229845297395474
-0.042047718158182056	-0.015183709429247474	0.0837191575529379
-0.07095310709575835	-0.0055045236592423455	-0.0409797413175791
-0.026964947873538585	0.09532222965740178	0.01997450222880453
0.01441843452787785	0.05628635124668437	-0.02748043482323455
0.04885052143218689	-0.012998948773464282	0.0804786650039605
0.0686328760978899	-0.016555796993447218	0.093847306852575
0.025975987772290626	-0.03997195422233816	-0.0346060336463781
0.033846883981945006	0.06188835783997624	0.0467780054788014
0.1179748821767553	0.08527537213724168	-0.0235087313211223
0.12514084468584125	-0.03802165584729934	0.02657903605852653
0.08484872294680121	-0.0308249386822499	0.01305330406451329
0.07017358426768656	-0.03349518776953453	0.1145091277028863
0.04567655131867512	-0.09007852663480993	0.01240731759379709
-0.023563546326959436	0.01874009549206389	-0.019150812598316
0.07923286009323588	0.04803837839392876	0.078533654856889
0.085216414314041	-0.009216602744389698	0.02252699695914859
0.05603234613211076	0.03389535593100645	-0.03095914997812577
-0.0678497475726152	0.018719037869508993	-0.0224800968252274
0.01432713833547871	-0.03411045861542064	0.0852918341126842
0.07342297326040793	-0.0028380195627847266	0.0136739897594223
-0.027568839257476836	0.07517699625834222	0.05530475751660475
0.1134272608802247	-0.06989132920148852	0.083934570188778
0.011020757366537563	-0.034372094397078015	0.1132517790963225
-0.05737519071689754	0.013558683165940097	-0.06147222265093904
-0.01237260900384762	-0.004248909725308343	-0.00868445299767179
0.09850726184203529	-0.025496232880394536	0.0991676882827236
-0.03470120562411395	0.04082344088259765	0.1065221431011741
0.10848239771104828	0.10516133599463069	0.0985793205818345
0.05621751413453163	0.03401923580230354	0.002991352057948343
0.012913353740853683	-0.01860192403625394	0.00134404989256511
0.12261323251106077	-0.013737329641134353	0.0686440828056954
-0.0744485997718401	0.023338987835112977	0.1124215879422577
0.02296723507979511	0.08799800482603784	-0.0591902118213966
0.0544630051457072	-0.08291558045826361	0.1033253716152993
0.003642486187608906	0.09582870143562916	0.087441956828092
-0.01817852283157583	0.001062914185811028	0.1017362757436225
-0.030942443235870466	0.10687176636299217	0.03470689636999825
0.03914487900890874	0.0808926687258534	-0.02381809506333933
0.05634275822590326	-0.061292783311400034	0.096037077174415
0.06208048743291934	0.10590656560528527	0.01229585287481481
0.038606068452095105	-0.0027801050348886455	0.01002634359958724
-0.05086261237429254	0.12430786231808544	0.0107021117454117
0.034753958577440465	0.12378763545070849	-0.03083260556777707
-0.018536341348321765	-0.052409737578792984	0.0438865039768529
-0.027153210755639694	0.07425312120410658	0.044893266179936
0.0783435601895773	-0.01617610970195859	0.1136011743794771
0.09490308112763723	-0.06069697967639401	0.0762501076774395
0.10046978320789773	0.01268333034774041	0.0948969547417705
-0.029261268060120634	0.010441326445292543	0.1179205544014253
0.02900155989016652	-0.014346555761227356	-0.0367014480817713
-0.020799371578175407	0.07976763509764051	0.046095772698902
0.05043338164543723	0.09667651365107782	0.00523713411718824
0.11053096091337195	-0.03956724991405958	0.03254164604640459
0.028483871860594152	0.05505343835155474	0.02795258865428909
-0.046721962920574914	0.027526974588018765	-0.065608271076831
0.010946182616373826	0.01840690234322769	-0.037383485952815
-0.06923466110255616	-0.032153188993191195	-0.0381353686938561
0.10776977990364767	0.09902695477373336	0.01126370045175841
0.05935299025857263	0.05153062509116213	-0.01085883389567968
0.09012858961260384	-0.038954976000600494	-0.0129998648356029
0.10455878027114787	0.004533141538837103	0.086536861050491
0.025630767422371768	0.0769524406677227	-0.0692147642964139
-0.016685499374569215	-0.0646853872298177	-0.0455669969143873
0.011706910893053472	-0.023395045730126143	0.0661830613765069
-0.01226323194358488	0.08012967717200709	0.0220207414487862
0.10660213234162325	-0.0951239493589221	-0.05819903003115277
-0.022043926289973877	0.031939756906242095	0.01830475636114829
-0.031674455807112506	-0.01665288765935504	-0.058621702326239
0.046215233986857195	-0.08254524970406595	0.1080945172392395
0.09082866343185156	-0.0444702105587317	0.00900607625207143
0.08316393525265917	0.08556800048418997	0.0489328561797416
-0.03872970087410901	-0.04053024000119876	-0.02629126412362727
0.054332704198548784	0.015555662621086944	0.0791519212257161
0.037318329233164416	-0.06263834272050818	0.0700528587287141
-0.05098938671499108	-0.04281607546815964	0.00337424052021244
0.0039046255347389112	0.1112886807316648	0.0317811944840984
-0.06702529404498137	0.048507982854902695	-0.0769287410313255
0.13306045491826698	0.01471048769154551	0.0992408227273112
-0.033018051261335474	0.11114128819865356	-0.03009869534253382
0.0997863828360792	0.02148677495282933	-0.0685292387071639
-0.05270252729635196	-0.002527392971522553	-0.0687299012178335
0.062464901437890144	-0.03583850782350834	-0.0778632472870134
-0.03479049081444996	-0.06994668303951576	-0.01112066845487299
0.08328829339380223	0.0019021304449087922	-0.01542357776124733
-0.06831022012962262	-0.044619756675877385	0.0514465176447332
0.14419319511502598	-0.06233866564438808	0.131361658377411
-0.04674973219794178	0.07775041197588442	0.01981356467773386
-0.008816930798605398	-0.027497205888055327	-0.02774317203730564
0.11060194404326434	0.035667473959408134	-0.0258551940961052
0.05562886189463371	-0.05539273849591311	0.1116606040141549
0.05130855582287788	0.0930277770351785	0.0947438364199301
-0.057199927011040055	-0.07215941115753749	-0.02530298042383605
0.01465905132764813	0.005814149858827281	-0.0766016614285179
-0.04958751590312731	-0.07210322395367809	0.05141210511563716
-0.06647129858109299	-0.002702247312408	0.0424711274922679
0.06133425403293816	0.057427552726829194	-0.0399107012329005
0.07970419866997229	0.04696038994360202	0.0616911493934409
-0.013965210545322793	-0.024058868923903853	-0.033023393524742
0.0514265588462797	-0.03325479885923767	-0.0428278565724982
-0.0298798289520917	-0.014368914977740234	-0.05027091678864
0.04440115277193071	0.04051251616678669	0.073878927983724
-0.007486766445139431	-0.018011610722278235	-0.0103422882688605
0.041069526968995185	0.06748839971466078	0.09505523625515
0.006210531118081945	-0.009112778038978683	0.0445956480803075
-0.06914531744798735	0.05440957209164744	-0.00753269511895486
0.07995373792852499	-0.04390826219997393	-0.0225163115851547
0.04976120104420338	-0.04337397893231172	0.1041399679118584
-0.09036370546968048	0.12394095813740517	0.0277361236971387
-0.051064307078007964	0.03564053613545928	0.002852404575124107
0.10915304924074823	0.09730644887257367	0.02280053842384697
0.05248466819392608	0.12861802026575533	0.0121221101972276
0.10794414878063328	-0.008412735909881142	0.0321231944573305
0.01066248640541061	-0.08988192809760107	0.03164164002858102
0.11684909473639993	-0.041410423065442445	-0.00420004520109788
-0.04931785542005068	-0.0007936920792271096	0.1082603865468493
0.014382750049499828	0.10451137034320165	-0.04753232059623778
0.10328635271209596	0.011118469767082556	-0.0291872112070136
0.11324918924816248	-0.05131056130241577	-0.0328302744945153
0.05485345110121903	0.037668283260677865	-0.02414055684415523
0.025021253380458595	0.1100567031671782	0.0698360941662825
0.04564116349259903	-0.023193016546855773	-0.02229370758078481
0.08589687931620321	-0.04995866075274888	0.00553415312583281
0.06637856724652202	0.011623027164437742	0.0001156741433538041
-0.033782412932493115	0.038574815707311305	0.0877482798721095
0.04567859879079253	-0.013003734496568818	0.0529400645658848
0.01198031453985493	0.085901007777442	-0.0805245303396928
0.05392601770467721	0.1165502032435786	0.11655026152661
0.007094852606145851	-0.041188156387534175	-0.00865901106443199
-0.010824159065282023	0.14423950111986242	0.0811911961455277
-0.04781827446776929	0.13624486455024498	0.04776679821238464
0.08387781960892507	-0.05739006634056464	0.0576471064998665
0.03496366029586873	0.004184559156312703	0.0894570787678231
-0.042357528743030684	0.11992727068001337	0.046581982805196
0.1277674130276102	-0.018889343681912314	0.1051238795046621
-0.048370274420831263	0.07952949028042307	0.006476676821962526
-0.008858795260728077	0.002360343056385633	0.0703141692101486
0.1255314702570603	-0.008527949834814232	0.02801843307722003
0.08765851437059133	0.074703549365397	0.0399024420569075
0.07521102397592766	-0.017891385008812193	0.083064749696171
0.10230587618035938	0.07684995734894705	-0.0561917304819756
0.12727950938429206	0.08783186154522567	-0.01414507746099377
0.03659847025227497	0.11469217381852548	-0.01683604120190005
-0.002520799635871797	-0.05049716259883545	0.03661072618161706
0.018880730414435526	0.026200897100742644	0.0375700500565498
-0.030865370705319996	-0.027135715781955984	0.0756563495767361
0.11763966270228361	0.04083622862221298	0.00340676477141157
-0.024776047018633313	-0.02958677029428314	-0.05556129728172319
0.10408689668158544	0.06874375837914068	-0.024339607864197
0.08084983498184298	0.11552148836252375	-0.0779584009426446
-0.05370208130784178	0.0029719479642346253	-0.0684637894711616
0.020546643247833302	0.08123381535417055	0.00913127106077359
-0.0527340252610579	0.03313938440627225	0.0856973599146472
0.11274659249736223	0.009540899188788948	0.031981677314674
0.06408739904833877	-0.04415988876125948	0.0722562028201111
0.02795830657167735	0.08650785338417757	0.0778947399030226
0.1260586281821283	0.0921162191807347	0.0770029970425407
0.10108923784780993	0.023807561425036528	0.04713537160717616
0.03163205949439593	-0.02850022429903535	0.0855495879504981
-0.029318977191487336	-0.04428642972674784	0.0760033325126903
-0.005307760770684081	0.12354405248187855	-0.00578596140876381
-0.0022799950997751013	-0.0024675195693391674	0.1071982120563824
0.07689058424963237	-0.06868554033760678	0.00644036594411396
0.03026799619702522	0.0532761922761833	0.0338151102522249
-0.06112342239610461	0.08021508838691824	-0.01282236049343503
-0.04446641859285841	-0.03669312852661675	0.0850960955274792
0.12474052531236682	0.02564613299439194	0.0963674557002363
-0.011587211316551865	-0.037690399069589146	-0.0492567716529869
0.010088319150420522	-0.0021705749984256284	0.0394287165187093
0.09706314138818403	0.021480844091370764	0.0708153573149038
-0.02751265013897802	0.08204639489796901	0.1059922118168565
-0.025046748377321758	0.08389833950787914	0.1104556734626247
0.10448793696117557	-0.029850420170033486	0.088700945898812
-0.035395500744660746	0.12248002977859197	0.04050977199411287
0.05945980843023228	0.09603487605107422	-0.02964528438443798
0.10482676998301957	0.12190366245101315	-0.0383066837038399
0.11104883295069601	0.11902543295289744	0.010138928067884
0.004704308494227205	0.01965329589932789	0.0900176751639784
0.043913653582429366	0.035193098573787523	0.0933631598242278
0.003020153044592253	-0.049156042309002015	-0.0881345678887335
0.045146369340474016	0.10939528186482717	0.02331982413861579
-0.006487938102374427	0.06578705305621277	0.0912315266352949
0.06547256821161844	0.1288411346240046	0.11585799284525
0.03462014141159776	-0.04412151072784978	0.1027612156277552
-0.03911794199469187	0.05279155504688264	0.01407452689728661
0.07701245118578837	0.056507245771255064	-0.0554574060224885
-0.0418458349235537	-0.021124406067339084	0.07159341307024
-0.02902726890827614	0.07611157262901291	0.0755890372924265
0.027177647539487853	-0.039300122147243786	0.0901204932410747
0.059528074646608094	0.09393688692728172	0.0040270076654613
0.07954606596361644	-0.07251107061470712	0.0305384982664258
-0.011462023414067938	0.12517356603775925	0.0743624264575964
-0.04739725130305465	0.034220015326681896	0.1049490627593026
-0.0534617882959654	0.09889318096966748	0.0309507369734575
0.059331389977087964	0.10942033990973807	0.001581318083863553
0.09591324825722569	-0.025627701580150503	0.0358699915141503
0.10050214978466032	0.011280502254862934	0.1033605323853554
0.03900443079174566	0.012801491733933731	0.04354015256264
-0.043684169595911794	-0.059653363589308034	0.03582370299961
-0.004408119297500596	-0.034458221874217654	0.0979195724383791
0.03768951761323856	-0.007400205843296349	0.0423476427269789
-0.06045323885626822	0.11241609756942565	0.04593481366430833
0.06005797283522387	0.007779494195767659	0.0419146581655309
0.084673498084161	0.023932864229170007	-0.02383636824963
-0.0701195696563846	0.10140905338011408	-0.0822750890571306
-0.0005798424952280362	-0.04072186877744724	0.00697600845693102
-0.01484153926727607	0.0442593704572975	-0.05581665310602123
-0.06745444683049007	-0.058780216224825536	0.1294872613283269
-0.053093976157464466	-0.06135399188357493	0.0560295328038775
-0.036316334343170865	-0.026248987194727035	-0.074388246457557
-0.09419413272810326	0.08160234188888216	-0.0644349105661146
0.09291503730985771	-0.06567618796046713	-0.00597846877587672
0.12440250936500775	0.0968570662251651	0.0602817073118789
0.10893623307319204	0.07880340200362379	0.068171020795445
-0.0792538466764577	-0.0012232188109100066	0.0584151520175542
0.09461784171784296	-0.039235808461460374	-0.02395230081074545
0.04316632367249496	-0.032539201499821105	-0.051261375488646
-0.05155246555783116	-0.004020936033238652	0.0394307889073125
0.008447932052269538	0.00416306501996252	0.1236303124551611
-0.007271729141299019	0.10322907949259738	-0.0647100834822822
0.07673934058704676	0.013522438398129999	0.0753179324958606
-0.07149955496492505	0.07967218559898377	0.03627464728555513
0.08955215905148405	0.03937638498507517	-0.0502373535247438
0.04050544823955393	0.07883534198174418	0.0082369844460704
0.10496567687784525	-0.035611871498443935	0.0637915162361831
0.12974398903721	-0.022983021332281296	0.0926058122422632
-0.07014734971023277	0.0658783257215362	-0.0230231493697404
-0.0478515877675115	0.08240026727027197	0.1176890549748576
0.08850360873054605	-0.02738566736994221	-0.0028514551193453
0.001230226462663575	0.0012482685816124599	-0.0330970645227249
0.05453129106912309	0.10651175684282005	-0.03545348137940651
0.08646645080817744	-0.050880746362471516	-0.0397224028513743
0.06452150510612856	0.07740359390485504	-0.01219363334374807
0.03523209708640646	0.016496460301611865	-0.006587949264631097
0.05634056662305095	-0.042083317170821546	-0.0789913001435138
-0.04444131635294444	-0.05085887005396487	0.001947360340676948
0.01996758382742586	-0.060272694661754056	0.0904882645249589
0.03275970607876236	-0.06421756672835116	0.0417424076773848
-0.07251881293981871	0.0963534786654041	0.045735995356689
0.022996273724768812	0.14714171062925344	0.1010627461872603
-0.043046943564902795	0.07952098810278005	-0.03191387684082
0.08167931764354046	0.10078231113751995	0.0562878784483991
0.06564801218302156	-0.03230129679716241	0.066956759852174
-1.269424745736769e-07	0.022320276546244515	0.0196489998581601
-0.029014365517371257	-0.04430150264505311	0.0964477672575028
0.07685306865596332	0.05408903795410591	-0.06959022663886
0.06944874492838005	0.013185449730411518	0.1117445750427626
0.039676569310198195	0.10040231846493011	-0.0625262158839059
-0.05640233893008535	0.10818882758149678	0.00310908520054654
-0.019025049158818197	-0.032415127296347455	-0.01224505382708714
0.09294363671141022	0.011476851295803447	-0.0400628144630716
-0.03646367554871316	-0.06737799972946704	0.01251582556982663
-0.0220388680109265	0.0752384181448979	0.0928384165925442
-0.020930850228707092	0.0701070974333323	0.1021028006833245
0.10213655862980182	0.08274058758164354	0.0931697279181914
0.08184327436074743	0.06332256731422539	0.0799036958815308
0.048433496016263886	0.0074100541214741425	0.0628099736319
0.07644959940748336	-0.00014728576949320227	-0.0187383076830144
-0.03631047528110259	-0.04867768454193886	0.03455817930172941
0.08239895841370515	0.04254058309084861	-0.0522542995873174
0.025948315237605997	-0.024922858438883446	0.0911466115451396
-0.05505629977376025	0.02507014647673355	0.02713365309840831
-0.04368562387689084	-0.035428638142023586	-0.00420726787412687
0.014040039516830898	0.11737926741742793	-0.01523140415062006
0.04292848111102553	-0.01835227233086547	-0.0505929996426118
0.08616122506794288	0.094149733406073	0.0628007383875443
-0.03695644031023006	0.07150225549786379	-0.0321790402882754
0.11011711638628183	0.05086967782027173	-0.01374948886672144
-0.014267462389617201	0.06477042128824675	-0.00350282742740857
0.05579605693313505	0.0766968899705209	0.1081884195242853
-0.06783312856595416	0.047230397432665855	-0.0304105119438966
-0.017762948925465614	0.10002962460472484	-0.01197212252113448
0.04441158233031675	-0.05681377204921173	-0.01869994519312504
0.051880520417157946	-0.04602197862277945	0.0322209709191111
-0.03932703337273514	-0.023682005665581513	0.0465306165812947
0.01634873302264024	0.048238340560508026	-0.00670522639517823
0.03692646822631519	-0.003950142408714802	0.0782078846242416
0.03930712591647396	0.05696071665572851	-0.0505754250166016
0.08931815862669323	-0.0822686352481572	-0.04793317071661301
-0.07044795272369729	0.0916066360016745	-0.0530751385886866
0.06689999641578942	0.03344198838136077	0.0562160059489684
0.13951689982493812	0.053373632530471254	0.0916241706311914
-0.035230089765570585	0.06495210922210336	0.0871575791178186
-0.03681470449291669	0.021538480314545194	-0.0468415614325291
0.06484552254709332	0.01744025785807066	0.040986082709824
0.07896130971504278	-0.05220158458060922	0.1146462524805718
0.06468225579555886	0.03560244373557549	0.1040559942846962
0.08874915044751525	-0.01176887251928221	0.0658719873537683
-0.03389816683387466	-0.0029740596475895387	0.0721644792826288
-0.06693563714580378	-0.07106999331682251	-0.01942180339979929
0.09479987096571263	-0.050234273070455485	0.0793822915072611
-0.06690710442408544	0.060865964521031934	-0.05674042857527869
-0.06327122653049708	0.0063145547261753004	-0.00475595617733928
-0.03562646185148941	-0.026676421186674737	0.0919745434443549
0.13779463614413548	-0.060522870829402095	0.0824528855388
0.07102544138130137	0.13027427553176696	-0.0375988474100454
0.023863203952231946	-0.039588916100546746	0.04408377325291064
-0.022260149184417464	-0.0717856751615106	0.0002244613891499297
0.06542954101995344	0.06667936223547401	0.04256955107020908
-0.007667589906866936	0.008949139201502608	0.0492012156081875
0.023911073435645858	-0.07915900397673278	0.092937341841267
-0.06089895422918006	0.031594044127930265	0.0723829353845139
0.060318813879564157	0.05287485073486872	-0.0363237041845606
0.003776190831920545	-0.0658613800053703	0.002598918480972903
-0.04854198407985799	-0.022277711587874824	0.00983700802619443
-0.003992411266033943	-0.044401600433198976	0.05424072989013816
0.010953730272854078	-0.05740850303197952	0.01181753067474457
0.05000194452491438	-0.048421280209043176	0.05699879439099135
0.01856001414854758	-0.02242069710473172	0.066164790322167
0.06721896830252372	0.0897525800254434	-0.04844340533158
0.10460880590961782	-0.02311997315346278	0.0849926141892067
-0.021015103127359432	0.038094281464418525	0.0500638193233354
0.002862735557215161	0.08259602440780386	0.0563853922149706
-0.001033215429071463	0.05988876225788176	0.0083973451968513
0.007047666997614763	-0.03472288814706015	0.0657092837155801
-0.040043730378313575	0.038326433946204726	0.0858116191784276
-0.010206344295227023	0.014237846713694574	0.0708266887458875
0.017416876578571452	-0.05496300917751058	0.0690095238720619
0.07636335358949199	-0.00735228259684171	0.0368161396708188
-0.03765612129863703	0.11490156913501584	-0.0527952457318248
0.0851192052359413	0.023180297414732792	-0.003883792385077435
0.06825457721987846	0.033560532140987975	-0.054409820009957
-0.05075057630860141	0.0054445875482052805	-0.0249378300122251
-0.05144954642560299	0.08867517369527567	0.01098613642207596
-0.07168394311335177	0.07690075301244745	-0.03876026939726695
0.042887689589939465	-0.016138968125372407	-0.02934993792840599
-0.08302596758991253	0.09898716256332665	-0.0182200944295379
0.03315703358777011	-0.00699347932820717	-0.046739394779071
0.11137520066681483	0.054060284137780724	0.0642403394989957
0.014035474386537305	-0.021167254441969745	-0.04154519200273476
0.0637491849345064	-0.04454373860832789	-0.028654989716953
-0.04778518455443936	0.1202381102438719	0.02901335329108056
-0.033725697533919664	0.10278581926527003	-0.04779674640045694
-0.06987461282460185	-0.014533334982676956	-0.00434138045539184
0.05706152700612422	0.023274211830595894	0.0841376920264921
0.03148210718433091	-0.028649515293118703	0.115279509449111
0.09307228873433213	0.12227297190756109	0.108427241468719
-0.02666833018718348	-0.009699878988177757	0.00659615988841433
-0.04973954084334799	0.1001014720268552	0.1082301150808029
-0.04736296477927876	0.13997499335521899	0.121840360039584
0.08422009554060096	0.09956953205758695	0.00730525456278717
-0.058792658320328255	0.04401024987216107	0.045232710336324
-0.07273891748564117	0.0013720639749787767	0.0420702436248505
0.10808253369538022	-0.08820209766128001	-0.02772422112878755
0.11318447064179386	-0.01893988536229968	-0.0164179558122
0.0003944980027410505	-0.08789128878644493	-0.001984579301901145
0.012626299896766027	0.0890769860797571	-0.00733909792274527
0.08556270491837853	0.09563534880794258	0.06049461831097202
-0.018707147856786434	0.04761181981921085	-0.0635652488512932
-0.008973591311647152	-0.059448195151209776	-0.05623504766249498
0.1210412616266548	-0.036856829400683334	0.0909785022225006
0.03526904669658707	0.08099992207149179	0.0658005933084231
0.04845785401438529	0.0038328900019177145	-0.0239775071394586
0.031624155049327314	0.022481424582644856	-0.039260904073667
0.0390843291333243	0.012287051379423822	-0.02353036653852346
0.017313062549851523	-0.0439413455747242	-0.000910126188162628
0.020507781131909562	0.13014936587398937	0.00393145343550934
-0.06944890942325206	0.05609738936566115	-0.003622173400474843
0.10270886471165044	0.05419588393477106	-0.003697756156559834
0.12319371223450448	0.020291941846180835	0.0828295887453901
0.03608258595759442	0.05621913451417306	-0.0621937563169197
0.0388972954108047	0.09913074175383346	0.0434666913125279
0.10527554656895613	-0.07506328997352965	0.02213666161896986
0.09831381981718318	-0.054721298895537666	0.021988036582913
0.04523987986850991	0.06927120353102617	0.1265617673122358
-0.02651265262448982	-0.015346227718610366	0.0907515892617429
-0.01589600636030305	0.022445356707088887	0.02821901887925601
-0.0043081446595064216	0.08737474138066895	0.0526883122364398
-0.037365081225486256	0.045871068628106894	-0.0735169999833057
0.04975503975877168	0.0632360581955321	0.0459031078964552
0.05398007829579883	-0.0019606907570387036	0.0407161772504402
-0.07472903644679288	0.10889643649780853	0.0922874671134881
-0.0854914791665131	-0.07195406192842119	0.1044005756541288
0.06655557609165422	0.09652393367282652	0.01034414861644639
-0.0459864252737192	-0.05092580643470465	0.01093871703181
0.06343961031854944	0.10368122938758573	0.0452680336050216
0.05250393033473267	0.11557990035915619	-0.03816877693581452
-0.015457276826705866	-0.08069785768109933	-0.02141145437228334
-0.037844309081983385	0.010135905471448964	-0.0646073083251136
0.013245706663247269	0.004855411458876004	0.02697975724920553
0.008456131113911343	0.09966058699341943	0.1159116682811516
-0.04824696824321262	-0.07237673265098041	0.0512220772713401
0.11250779338271222	0.026952121615129956	0.127739481136058
0.019443205276774622	0.05173411193596463	0.092330713406311
0.13172393617700565	0.06561014561270762	0.0987299407650382
-0.04094618608270741	0.12990391115238867	-0.02138184458509476
0.09620692754113794	-0.01834419835945044	-0.0901595474421674
0.09493109931641064	0.00974882112756857	-0.03046582516359561
-0.0283839710788946	-0.006124181395479385	0.04480583475010254
0.05011749707332957	0.08581882342271382	-0.0695718730345471
0.11004853000091634	0.1265660158801113	-0.000591039517403559
-0.06641186292019571	-0.05381939360400443	0.0647211157306753
0.07238053792450837	0.10848261225553095	0.01730618094965224
0.01871301425517982	-0.002747444270336871	-0.03394285750994814
0.06162534495409448	0.08450750299714481	0.02105529641242523
-0.02885979555732794	-0.06107954079509968	0.109200156781339
0.009677330045642168	-0.06002824370686036	-0.02489963329227643
0.13469170770683642	-0.04110487127382333	-0.002302464404436668
0.10170805732742665	0.0647345418561873	-0.056849745573989
0.0517706579513454	0.0430762675315087	0.0461666056984074
-0.01932345978010775	-0.08829628598315437	0.0502887976124301
0.06999854059080474	-0.05914946040165952	0.03346132901442199
0.05008192247101887	0.040445464490555985	0.030146727091249
0.04334784140410394	0.1055863837751578	-0.0651249975072379
-0.03580845976211146	-0.010749329932008375	0.0118121474507908
-0.017393972730837887	0.008214902945979811	-0.02903533941790163
-0.06296641374620902	0.09073861803505733	-0.0316701800522922
0.019491680550943677	-0.061314943494108876	-0.002541767605082796
0.0744834275355079	0.03734536333951598	0.01566958200815444
0.07386345131177129	-0.05574238238063956	0.05501483972343354
-0.038440023093868514	0.05151653018447647	0.04767987398591816
0.025630236191795993	0.11129246134345791	0.0877652613703294
-0.04828972681461646	0.07922766541448469	0.1085607528262942
0.03818627965416079	-0.04164680383054334	-0.00134196977163726
0.06876452933810642	-0.06840756676129989	0.06059724911944778
0.0059983571090855906	-0.05488766302701899	0.003369432347939585
-0.06261167902481915	-0.06956880953874975	-0.0668962815862621
-0.0017851449978735611	0.01127939202989885	-0.063705760293357
0.12148669669709847	-0.05595949931883204	0.0115563144323792
0.09943285087004672	0.10678753673301877	0.0960444458810157
0.010662706737263345	0.025039805673502762	0.110838424836342
-0.044472777793277934	0.10777301992403421	-0.0398226047260698
0.13913138624760052	0.09650288792207529	-0.0451297026729472
0.02248865800110845	0.10689758291436326	0.0357401046088455
-0.0059577359991127045	0.04172938622204752	0.0285147122103435
-0.039937227973160176	0.10245988738000858	0.0319336820273447
0.02117300116745348	0.010636145316734241	0.014671133377155
0.09090495712379182	-0.01671864587515901	-0.000876945946293547
0.0034634416475399915	0.07411036617683336	0.01021225215604578
0.09945259209999699	0.018869489233085606	0.1163296051059891
-0.013672953169565932	0.013018723183584133	-0.01159235761712914
-0.0804382898199215	-0.035723848044044486	0.1094832543178506
-0.07344829973147295	0.06413356200874248	0.1247058511418522
0.11357771034239772	-0.013828589570912743	0.0377771344086209
-0.04045343768661197	0.11902708348228316	0.0873101983615754
-0.048723797553617	0.05985918296251663	0.02684230193660262
0.0871662430835318	-0.0948625862874517	0.1343698637322452
0.057694795310065584	-0.07381824250868661	0.018288476677197
0.09606122161964809	0.03784387673796085	0.01005701867156064
0.07834578995946331	-0.04421657830146499	0.0373907318007526
0.08842055296518916	0.004082395693805169	0.0045893502845974
0.0033095632699622693	-0.055200853219077896	0.0076374805860317
0.03109753833877836	0.00696010936120426	0.0073662617407269
-0.005831026473834086	0.006196663130345928	0.003810789418684283
0.08515013316559457	0.07368877610388977	0.02288629155161956
-0.05765931592776537	-0.015739790807933623	0.098075137247729
-0.017457221554262645	0.04533709412919398	0.0627235924004645
-0.01309064852332609	-0.06454916260508016	-0.0342784163697048
0.012503709096725886	0.03122702924769015	0.0546830980564997
0.013905982144097762	-0.07992169374100884	0.0512382297926169
0.05424329691670067	0.08824289251667475	0.1153016467445229
-0.03904536303883926	-0.04145438873846233	0.0614695463851796
-0.030159573038379878	-0.04226571536882703	0.06493191149968
-0.044049289838962995	0.0756086641511157	0.0090613564404216
0.12016298753545337	0.11523928902642624	0.0248418584296806
0.02871383719382692	-0.005403613078424869	0.02922853924873797
-0.026520864354186456	0.023397587907863775	0.122763043095612
-0.028479757996897885	-0.0850296140230466	0.0914945182578619
0.014654648643072705	0.04235201979270453	-0.02041745983309251
0.04656187164662324	0.08333469102140467	0.0376939561945468
-0.0496734171743738	-0.011400601681882538	0.088757373236738
-0.015480394416914964	0.08615251941669147	0.0732408344345094
0.058916723614302065	-0.033915130049526815	0.08363987079536
0.011314433232569084	-0.04479704539230631	0.00413844205586004
0.0310999239278524	0.08039968463443217	-0.009327353559818
-0.018361080514987756	0.1174115187596011	0.01820910591715302
0.09898033150507937	0.07972605586669003	0.0963553617887109
-0.02995659712348323	0.0631023176834763	0.10811037463275
0.07436089640935821	0.03381502958575351	-0.04022329368399798
-0.08543183213434144	0.019862848937406603	0.0403814610729101
0.13782515671936718	-0.07781346978855506	0.03025182374555791
0.006053520426617297	0.04529402580789159	0.0241901164366513
0.08513864678050016	0.08124181190980695	0.0892838260693669
-0.007001568287611018	-0.04998483374477128	-0.0378231932833084
0.0932496974483781	0.0072390138403458405	-0.0347176565061622
-0.05661552210115335	0.05144282861534428	0.0966973370688991
0.10174423771684019	-0.006347896890614449	-0.00686801784428213
0.008866187795715987	-0.009529406368410875	0.0322966816067346
0.04560422655651385	0.017165192327383838	-0.01773715712444125
0.007708288559260056	0.008398286540820596	0.0239736238404929
0.04867628912449945	0.04921214277530207	0.0383411375486874
0.08554710903490173	0.12779933366244853	-0.04449559219205259
-0.03952723175290205	0.11215018000813676	-0.00687660582864849
0.10874446876081335	0.07168273472535731	-0.0443340914007827
-0.03979570305458488	-0.019284196740944955	-0.00570967005031258
-0.06047009394645747	-0.0064005549164188325	0.0356420923963814
-0.02620590303815988	0.026572570758344342	0.00963105398520282
0.05970494372037719	0.08268008360236963	0.1084830367933907
0.03626814215180127	0.06958176432646251	-0.0861670830511747
0.0839229076566756	-0.03542380095051463	-0.084671975144986
-0.004040516838333924	-0.0238632869328382	-0.00777920220896978
0.07555289300682966	0.07996491521908332	0.00903835816364673
0.11636444134464108	-0.02336322306116544	-0.0479117093882065
0.12020200380411952	0.09678042836376513	-0.02897448530612612
0.10194202851754408	0.0407449488813406	0.00315144208285989
0.11680413281222894	0.08483270468972445	0.02596335252688713
0.08781882016944587	0.023266540137367085	-0.05232917584235914
0.018393467319832366	-0.0740774857006169	0.05200053443597845
0.06676293466177018	-0.0739332110332169	0.1255578315145969
0.08787268602988622	-0.005852205417799697	0.080061457631999
0.09834645239159534	-0.041337791406547544	0.1223438124141907
0.1043186839765095	0.03650058605078095	0.0689336826559287
-0.030863275737606118	0.11443180377406759	0.0632229685088135
-0.04339074685361199	-0.022473080857182408	0.1187492638623273
0.11008666072574735	-0.04047205092635987	0.017871169210129
-0.04623278376860654	-0.0007482627568006009	0.1103325536024351
0.034093271970362965	-0.009900383831052954	0.01394943634829411
-0.07927567958519477	-0.0445395295270885	0.01289493361732705
-0.060019925174816705	0.12111243940485639	-0.0690068217825465
0.03648216642219261	0.004323905922479232	0.1019494128223314
0.12090110641164974	0.1352839779145108	0.0738469772267952
0.00964676848405871	0.07731742820989791	-0.03167115647694418
0.07319014628019875	0.03580156679820892	-0.03261255984595104
-0.06259142831162418	0.007928971894987903	0.0638416108095128
-0.008399644580496864	-0.032841134992988054	-0.01315192391112703
-0.046093124657737766	-0.024701796580321254	0.02393894336472432
-0.02875039257138825	0.045133772173343314	-0.0693724300244994
-0.012652352671914176	0.04037239394996203	0.02185764997485236
0.07695397042598762	-0.02092844479670486	0.01743180748409233
0.04762887705116313	0.010302049173751056	-0.0240923553883786
-0.005868265254206827	0.052383829029261156	0.0385576084789717
0.0112855282686775	-0.05267152111307241	0.0423161157798644
-0.0671854484156891	-0.031198799021428567	0.082230650950123
-0.0646297875791596	-0.003967231819990473	0.1161244679573106
0.11308723523319172	0.09295072855700157	-0.0446098345237837
0.10417645346427065	0.08931759482643806	0.098853546209899
0.11900827975629646	-0.06304425113056511	0.114184834833629
-0.014515594467798617	-0.029131386763914933	0.048035387018027
-0.030559049957451675	0.1173378019865242	0.037533402304708
-0.07866329158162444	0.09054388520311715	0.00637781484648734
0.009823354396414727	0.1002287642671679	0.05765232623236503
-0.018367977628860443	0.01778666610222612	0.04953038805814609
-0.03234687166364653	0.08271226948263793	0.04625521571657522
-0.05794886976325206	-0.05428616072996941	0.1034467699114989
0.13912290142783693	0.014720124710554464	0.1129090113790649
0.020973760828417	-0.009224052941664966	0.1051755181119888
-0.08462598365236859	0.058059320443883455	0.01853673163538684
-0.049256634461356745	0.01613707789673456	0.03118513967987257
0.08513161540455795	0.07346926648518567	0.0360875135755564
0.020940837815574966	0.03759916891005659	0.02689165582474865
-0.007220340415189423	0.023678817824577227	-0.0344611773729746
0.10918360460494998	-0.015328973600043832	-0.02382333592458557
0.1452761924605196	-0.060012165550359195	-0.019232451106392
0.03693920363160588	-0.05986769266743805	-0.02181971379300627
0.052159497793486206	0.11149908066990605	0.1041010707195391
0.12887030271805783	-0.02606714318889824	-0.02710447245486429
0.0795484187178834	-0.03593498631535983	0.0714939269516105
0.014502124561921508	-0.005340448034684919	0.089549478571131
0.06222540399084043	-0.002025048263099738	0.0562207665964143
0.0851904385692361	-0.027417495365596935	0.0816485477238238
0.0012932534425703149	0.12576536579303338	0.0846950067149423
0.0007164444034641893	0.12147718122953965	0.0386039829935686
-0.056304403407763055	0.08349877571852743	-0.05780619187585539
0.011581170468553774	0.05943650174470203	0.00564600011251856
0.08458843307859502	-0.08304360585504483	0.0852941119281198
0.03171776455592086	0.060384896460328345	-0.05269894292626456
-0.03281748510613361	0.07161892839072592	-0.0504407369004106
0.03966469076003721	0.09245904036325261	0.098918190072477
-0.00894238928335167	0.018480759062164207	0.0646959286096433
0.014897514747395146	0.07618622307109842	0.0925936918391066
0.13563550851337128	0.12905046878471926	0.0726152768977846
-0.0821719533967554	0.04254043375468211	0.0720950602915172
0.00273255389100098	0.0048289796069519	-0.0378303460427944
0.05926810973324357	0.010816944126412958	0.0753016762026272
-0.012674209498842126	0.0952227932958726	0.012701513435722
-0.03309601140833027	-0.05818626095689736	-0.0550180750329433
0.08107483865443857	0.07785920210115285	0.0436181869909416
0.08829899867878979	-0.03757074817957281	0.034685020102148
-0.010541538630825395	-0.03343316870609566	0.0751056589839813
0.04499219342669496	0.006777396404745027	-0.02058356923660083
0.07035431688250335	0.028162313405483634	0.0966395416802639
-0.053653271522545155	-0.000993075164660212	-0.02497012122048944
0.039263363350936394	-0.02567312358602481	0.1048744110207718
-0.05710280959391207	0.11064844922287737	0.1013649034025397
0.009390122007816932	0.14522069162947315	0.02878303645785147
0.13771621839079992	-0.07889526052066945	0.0494884365097265
-0.02980123599440459	0.11289608621568153	0.01635460345600874
-0.09350966162183773	0.12667724465008437	0.097364425439658
0.055759211472007866	0.040701091911801254	0.0646205182655301
0.02581826725456357	-0.03813576033933706	-0.00583215883099882
0.050121822514894145	0.11719808806033488	-0.00968380337988553
0.051942362279690873	-0.0614042736156959	-0.0746353747287612
0.07908024527573167	0.06859123662283961	-0.03663668434526061
0.07392542008047817	0.09601087077636189	0.0435794950987796
-0.020173646611349162	0.06860371824081613	0.0471159498489758
0.023608407392448565	-0.049107768703485315	0.01215212814852918
0.07822473192639066	0.0627694609549454	0.0200488613687302
0.12001088410065738	-0.018248170120987693	0.0666453968854122
-0.05718064840416499	0.0649074885407914	-0.04252996037245558
0.06510276148140287	-0.026356151499339495	-0.02433888281127574
-0.02886696929649133	0.01065092315411343	-0.0425962789051723
0.09362461833646239	0.08519567870163161	0.0373394127018739
0.12522698190764414	0.11164576763161577	0.04032671383724522
0.029429152616786403	-0.07644656920615757	-0.04630184509990254
-0.04024980017648775	0.06815421037807647	-0.04667684722001856
0.06552846879918364	-0.056320735111680065	-0.0732738632587581
0.10057989050772045	0.09307390344001887	0.0222814349133277
-0.01543625179270911	-0.03424621639711618	-0.00845388276525042
-0.07730274388899389	0.10042969488062695	0.001539931510194547
0.13819278284675554	0.07866111325399125	0.046931862047999
-0.07056660369073064	0.13275033836673944	-0.0533528825443344
0.0861504992444234	-0.02330719576458601	0.0727655198362892
0.10356945133536655	-0.02541252994829804	0.0736191395771249
-0.03372582917978436	-0.061439448823546725	0.03204648623206418
-0.030037767750763306	0.022946156901338097	-0.0288151036934654
0.06960448663588906	0.08328131902250661	-0.0500480307852739
-0.043291551385820116	0.1143785012547403	-0.0454017081841233
0.08425616257129334	0.11519032320139282	0.0572049740582569
0.07179736968674512	-0.015666724240796286	0.0450243976574334
0.11696726001902413	0.05127302028670548	0.0404559258350711
-0.05323551625333826	0.06694686013471597	-0.0534990905822049
-0.002023963336384057	0.04832747139118902	0.041683473232599
-0.0524756508246558	-0.03560137927156155	0.0439472312245246
0.03395701869750744	0.13283805078762784	0.0364657218455833
0.044429808507574185	-0.01719634926304541	0.108028695518798
-0.08299364704429159	0.10329110264497574	-0.0705921115719293
0.06295491646682456	0.0958205627456931	-0.0423634343661014
0.059953136992535384	-0.06523141975779281	0.0173702898489866
0.04124649035742416	0.0813115795828099	0.1240502982866565
-0.057955483302417836	0.13258879085160682	0.02428485730078685
0.0127998036530181	-0.011122554747623055	0.0247130893851947
0.018997489672822155	-0.062494418746563356	0.0337769492695653
0.10075513385904669	-0.023093561487651064	0.0764266139996533
0.08920025475240964	-0.062371961204079125	0.04351473274031828
Lecture : 0.02399921417236328 Seconde 
 Ecriture : 0.0005190372467041016Seconde  
 Tous : 0.032955169677734375 Seconde